1.81014801568
[[  9966.67497434   4183.98859766  24628.63660039 ...,  12822.20020143
   11842.02092976  22321.47745636]
 [ 11257.31050952   4725.79460385  27817.92426768 ...,  14482.61225076
   13375.50456995  25211.9993282 ]
 [  7040.38969219   2955.54036537  17397.49712923 ...,   9057.51279757
    8365.12099604  15767.7360005 ]
 ..., 
 [  8014.24932462   3364.36453274  19804.00030595 ...,  10310.39033269
    9522.22365863  17948.80299497]
 [  7397.71291048   3105.54387957  18280.47803459 ...,   9517.2117296
    8789.67873878  16568.00110219]
 [  7576.55553443   3180.62162629  18722.4157927  ...,   9747.29407248
    9002.172685    16968.53905582]]
